# written by matlab ModEMdata_write
# Tx_Dipole Tx_Period(s) Tx_Moment(Am) Tx_Azi Tx_Dip Tx_X(m) Tx_Y(x) Tx_Z(m) Code X(m) Y(x) Z(m) Component Real Imag Error
> Ey_Field
> exp(+i\omega t)
> [V/m]
> 0.00
> 3.557 1.000
> 6 10
Electric      6.324560E-01   1.00    90.00     0.00        0.000    -5000.000      900.000  Line1__1        0.000   -10000.000      910.000   Ey_Field  -2.772427E-16    8.382308E-17    1.000000E-16
Electric      6.324560E-01   1.00    90.00     0.00        0.000        0.000      900.000  Line1__1        0.000   -10000.000      910.000   Ey_Field   5.387864E-18    1.072808E-17    1.000000E-16
Electric      6.324560E-01   1.00    90.00     0.00        0.000     5000.000      780.000  Line1__1        0.000   -10000.000      910.000   Ey_Field  -3.801556E-18    7.153810E-18    1.000000E-16
Electric      3.556559E+00   1.00    90.00     0.00        0.000    -5000.000      900.000  Line1__1        0.000   -10000.000      910.000   Ey_Field  -6.338752E-14   -3.871555E-14    3.969919E-15
Electric      3.556559E+00   1.00    90.00     0.00        0.000        0.000      900.000  Line1__1        0.000   -10000.000      910.000   Ey_Field  -3.891661E-15   -2.197091E-15    2.524953E-16
Electric      3.556559E+00   1.00    90.00     0.00        0.000     5000.000      780.000  Line1__1        0.000   -10000.000      910.000   Ey_Field  -1.666555E-16   -1.012499E-16    1.000000E-16
Electric      6.324560E-01   1.00    90.00     0.00        0.000    -5000.000      900.000  Line1__11        0.000    -8000.000      910.000   Ey_Field  -1.092174E-15   -4.023992E-14    1.513794E-15
Electric      6.324560E-01   1.00    90.00     0.00        0.000        0.000      900.000  Line1__11        0.000    -8000.000      910.000   Ey_Field   1.304874E-18    1.623953E-17    1.000000E-16
Electric      6.324560E-01   1.00    90.00     0.00        0.000     5000.000      780.000  Line1__11        0.000    -8000.000      910.000   Ey_Field  -4.448121E-18    1.069619E-17    1.000000E-16
Electric      3.556559E+00   1.00    90.00     0.00        0.000    -5000.000      900.000  Line1__11        0.000    -8000.000      910.000   Ey_Field   8.513944E-14    6.667685E-13    3.053644E-14
Electric      3.556559E+00   1.00    90.00     0.00        0.000        0.000      900.000  Line1__11        0.000    -8000.000      910.000   Ey_Field  -1.030664E-14   -6.610705E-15    6.567294E-16
Electric      3.556559E+00   1.00    90.00     0.00        0.000     5000.000      780.000  Line1__11        0.000    -8000.000      910.000   Ey_Field  -6.879090E-16   -4.387073E-16    1.000000E-16
Electric      6.324560E-01   1.00    90.00     0.00        0.000    -5000.000      900.000  Line1__21        0.000    -6000.000      910.000   Ey_Field   3.841303E-11    7.821073E-11    4.224188E-12
Electric      6.324560E-01   1.00    90.00     0.00        0.000        0.000      900.000  Line1__21        0.000    -6000.000      910.000   Ey_Field  -1.766794E-16    2.510777E-17    1.000000E-16
Electric      6.324560E-01   1.00    90.00     0.00        0.000     5000.000      780.000  Line1__21        0.000    -6000.000      910.000   Ey_Field  -5.617709E-18    1.678025E-17    1.000000E-16
Electric      3.556559E+00   1.00    90.00     0.00        0.000    -5000.000      900.000  Line1__21        0.000    -6000.000      910.000   Ey_Field   8.206662E-11    7.643012E-11    5.650013E-12
Electric      3.556559E+00   1.00    90.00     0.00        0.000        0.000      900.000  Line1__21        0.000    -6000.000      910.000   Ey_Field  -1.893571E-14   -4.022653E-14    2.217958E-15
Electric      3.556559E+00   1.00    90.00     0.00        0.000     5000.000      780.000  Line1__21        0.000    -6000.000      910.000   Ey_Field  -1.568659E-15   -7.311236E-16    1.158398E-16
Electric      6.324560E-01   1.00    90.00     0.00        0.000    -5000.000      900.000  Line1__31        0.000    -4000.000      790.000   Ey_Field   1.512748E-11    3.611919E-11    1.782806E-12
Electric      6.324560E-01   1.00    90.00     0.00        0.000        0.000      900.000  Line1__31        0.000    -4000.000      790.000   Ey_Field   1.119749E-14   -5.064275E-15    6.057575E-16
Electric      6.324560E-01   1.00    90.00     0.00        0.000     5000.000      780.000  Line1__31        0.000    -4000.000      790.000   Ey_Field   6.339487E-18    2.998295E-17    1.000000E-16
Electric      3.556559E+00   1.00    90.00     0.00        0.000    -5000.000      900.000  Line1__31        0.000    -4000.000      790.000   Ey_Field   4.925083E-11    6.751951E-11    4.113911E-12
Electric      3.556559E+00   1.00    90.00     0.00        0.000        0.000      900.000  Line1__31        0.000    -4000.000      790.000   Ey_Field   6.010199E-14    3.617948E-14    2.939102E-15
Electric      3.556559E+00   1.00    90.00     0.00        0.000     5000.000      780.000  Line1__31        0.000    -4000.000      790.000   Ey_Field  -2.573819E-15    1.651364E-15    1.764270E-16
Electric      6.324560E-01   1.00    90.00     0.00        0.000    -5000.000      900.000  Line1__41        0.000    -2000.000      790.000   Ey_Field   1.192273E-15   -1.489154E-14    2.343126E-16
Electric      6.324560E-01   1.00    90.00     0.00        0.000        0.000      900.000  Line1__41        0.000    -2000.000      790.000   Ey_Field  -2.819382E-13   -2.784540E-13    1.798432E-14
Electric      6.324560E-01   1.00    90.00     0.00        0.000     5000.000      780.000  Line1__41        0.000    -2000.000      790.000   Ey_Field  -8.679331E-17    1.073529E-16    1.000000E-16
Electric      3.556559E+00   1.00    90.00     0.00        0.000    -5000.000      900.000  Line1__41        0.000    -2000.000      790.000   Ey_Field  -4.529804E-14    4.504625E-13    2.105438E-14
Electric      3.556559E+00   1.00    90.00     0.00        0.000        0.000      900.000  Line1__41        0.000    -2000.000      790.000   Ey_Field   1.001520E-12    4.443494E-12    2.360420E-13
Electric      3.556559E+00   1.00    90.00     0.00        0.000     5000.000      780.000  Line1__41        0.000    -2000.000      790.000   Ey_Field  -7.589328E-15    8.174283E-15    5.649834E-16
Electric      6.324560E-01   1.00    90.00     0.00        0.000    -5000.000      900.000  Line1__51        0.000        0.000      790.000   Ey_Field  -1.264589E-16    1.085384E-15    1.000000E-16
Electric      6.324560E-01   1.00    90.00     0.00        0.000     5000.000      780.000  Line1__51        0.000        0.000      790.000   Ey_Field  -6.670915E-16   -1.284498E-17    1.000000E-16
Electric      3.556559E+00   1.00    90.00     0.00        0.000    -5000.000      900.000  Line1__51        0.000        0.000      790.000   Ey_Field  -2.777341E-14   -7.543451E-15    1.953784E-15
Electric      3.556559E+00   1.00    90.00     0.00        0.000     5000.000      780.000  Line1__51        0.000        0.000      790.000   Ey_Field  -5.306231E-14    1.208007E-14    2.417218E-15
Electric      6.324560E-01   1.00    90.00     0.00        0.000    -5000.000      900.000  Line1__61        0.000     2000.000      670.000   Ey_Field   1.307454E-16    2.584423E-16    1.000000E-16
Electric      6.324560E-01   1.00    90.00     0.00        0.000        0.000      900.000  Line1__61        0.000     2000.000      670.000   Ey_Field  -1.604312E-13   -3.995642E-13    1.993318E-14
Electric      6.324560E-01   1.00    90.00     0.00        0.000     5000.000      780.000  Line1__61        0.000     2000.000      670.000   Ey_Field   1.764567E-14   -4.924172E-16    9.796414E-16
Electric      3.556559E+00   1.00    90.00     0.00        0.000    -5000.000      900.000  Line1__61        0.000     2000.000      670.000   Ey_Field   5.247988E-16   -9.601967E-16    2.227338E-16
Electric      3.556559E+00   1.00    90.00     0.00        0.000        0.000      900.000  Line1__61        0.000     2000.000      670.000   Ey_Field   4.867533E-13    4.186432E-12    2.177498E-13
Electric      3.556559E+00   1.00    90.00     0.00        0.000     5000.000      780.000  Line1__61        0.000     2000.000      670.000   Ey_Field  -4.092847E-13    3.977469E-13    3.253480E-14
Electric      6.324560E-01   1.00    90.00     0.00        0.000    -5000.000      900.000  Line1__71        0.000     4000.000      670.000   Ey_Field   2.855562E-17    7.741550E-17    1.000000E-16
Electric      6.324560E-01   1.00    90.00     0.00        0.000        0.000      900.000  Line1__71        0.000     4000.000      670.000   Ey_Field   7.860213E-15   -5.873374E-15    5.047302E-16
Electric      6.324560E-01   1.00    90.00     0.00        0.000     5000.000      780.000  Line1__71        0.000     4000.000      670.000   Ey_Field  -2.482328E-12    2.309875E-11    1.172937E-12
Electric      3.556559E+00   1.00    90.00     0.00        0.000    -5000.000      900.000  Line1__71        0.000     4000.000      670.000   Ey_Field  -1.553281E-15   -1.614941E-15    1.846729E-16
Electric      3.556559E+00   1.00    90.00     0.00        0.000        0.000      900.000  Line1__71        0.000     4000.000      670.000   Ey_Field   2.051517E-14   -1.426396E-14    1.383277E-15
Electric      3.556559E+00   1.00    90.00     0.00        0.000     5000.000      780.000  Line1__71        0.000     4000.000      670.000   Ey_Field   4.617199E-11    5.049902E-11    3.187109E-12
Electric      6.324560E-01   1.00    90.00     0.00        0.000    -5000.000      900.000  Line1__81        0.000     6000.000      670.000   Ey_Field   8.326522E-18    4.709498E-17    1.000000E-16
Electric      6.324560E-01   1.00    90.00     0.00        0.000        0.000      900.000  Line1__81        0.000     6000.000      670.000   Ey_Field   4.996665E-17    2.287883E-16    1.000000E-16
Electric      6.324560E-01   1.00    90.00     0.00        0.000     5000.000      780.000  Line1__81        0.000     6000.000      670.000   Ey_Field  -7.302920E-12    5.242439E-11    2.542479E-12
Electric      3.556559E+00   1.00    90.00     0.00        0.000    -5000.000      900.000  Line1__81        0.000     6000.000      670.000   Ey_Field  -1.624628E-15   -1.206249E-15    1.319671E-16
Electric      3.556559E+00   1.00    90.00     0.00        0.000        0.000      900.000  Line1__81        0.000     6000.000      670.000   Ey_Field  -2.258165E-14   -4.132619E-14    2.270386E-15
Electric      3.556559E+00   1.00    90.00     0.00        0.000     5000.000      780.000  Line1__81        0.000     6000.000      670.000   Ey_Field   6.177156E-11    5.894260E-11    4.016047E-12
Electric      6.324560E-01   1.00    90.00     0.00        0.000    -5000.000      900.000  Line1__91        0.000     8000.000      550.000   Ey_Field   1.040015E-17    2.721104E-17    1.000000E-16
Electric      6.324560E-01   1.00    90.00     0.00        0.000        0.000      900.000  Line1__91        0.000     8000.000      550.000   Ey_Field   1.722079E-16    1.170374E-16    1.000000E-16
Electric      6.324560E-01   1.00    90.00     0.00        0.000     5000.000      780.000  Line1__91        0.000     8000.000      550.000   Ey_Field   2.182778E-14   -2.692732E-15    1.141684E-15
Electric      3.556559E+00   1.00    90.00     0.00        0.000    -5000.000      900.000  Line1__91        0.000     8000.000      550.000   Ey_Field  -7.357582E-16    2.281324E-16    1.000000E-16
Electric      3.556559E+00   1.00    90.00     0.00        0.000        0.000      900.000  Line1__91        0.000     8000.000      550.000   Ey_Field  -1.073739E-14   -2.495872E-15    6.268104E-16
Electric      3.556559E+00   1.00    90.00     0.00        0.000     5000.000      780.000  Line1__91        0.000     8000.000      550.000   Ey_Field  -4.888547E-13    5.321071E-13    3.894739E-14
